[gd_scene format=3 uid="uid://dnuqhjie2j5wk"]

[ext_resource type="Script" uid="uid://dcg0aprrlldl0" path="res://scripts/world.gd" id="1_f3sb7"]
[ext_resource type="ArrayMesh" uid="uid://ck1apr6cko8va" path="res://assets/objects/table.obj" id="2_fj7yv"]

[sub_resource type="PlaneMesh" id="PlaneMesh_tlwt5"]

[sub_resource type="BoxShape3D" id="BoxShape3D_aqk2v"]
size = Vector3(19.423279, 1, 19.364624)

[node name="World" type="Node3D" unique_id=584979016]
script = ExtResource("1_f3sb7")

[node name="LevelGeometry" type="Node3D" parent="." unique_id=1135009950]

[node name="WorldEnvironment" type="WorldEnvironment" parent="LevelGeometry" unique_id=763815000]

[node name="StaticBody3D" type="StaticBody3D" parent="LevelGeometry" unique_id=1098773581]
transform = Transform3D(0.99975747, 0, -0.022024274, 0, 1, 0, 0.022024274, 0, 0.99975747, 0, 0.37953675, 0.068846524)

[node name="MeshSol" type="MeshInstance3D" parent="LevelGeometry/StaticBody3D" unique_id=169196650]
transform = Transform3D(5, 0, 0, 0, 5, 0, 0, 0, 5, -0.0019999999, -0.35, 0)
mesh = SubResource("PlaneMesh_tlwt5")

[node name="Sol" type="CollisionShape3D" parent="LevelGeometry/StaticBody3D" unique_id=899131145]
transform = Transform3D(0.5, 0, 1.8254728e-07, 0, 0.5, 0, -1.8254728e-07, 0, 0.5, 0, -0.9, 0)
shape = SubResource("BoxShape3D_aqk2v")
debug_color = Color(0.7535472, 0.06253936, 3.85046e-07, 1)

[node name="Table" type="MeshInstance3D" parent="LevelGeometry/StaticBody3D" unique_id=1402486741]
transform = Transform3D(0.19995144, 0, 0.0044048545, 0, 0.2, 0, -0.0044048545, 0, 0.19995144, 0.05523325, 0.32046324, -0.03398188)
mesh = ExtResource("2_fj7yv")

[node name="Dealer" type="Node3D" parent="." unique_id=1347483840]
transform = Transform3D(1, 0, 0, 0, 1, 0, 0, 0, 1, -0.8530696, 0.8, 0)

[node name="SpawnPoint" type="Node3D" parent="." unique_id=329985917]

[node name="Player1" type="Marker3D" parent="SpawnPoint" unique_id=1009201828]
transform = Transform3D(1.0000001, 0, 0, 0, 1, 0, 0, 0, 1.0000001, 1.1891987, 0.8, -0.00089657307)

[node name="Player2" type="Marker3D" parent="SpawnPoint" unique_id=1556737425]
transform = Transform3D(0.94615877, 0, 0.32370275, 0, 1, 0, -0.32370275, 0, 0.94615877, 1.094, 0.8, -1.052)

[node name="Player3" type="Marker3D" parent="SpawnPoint" unique_id=98137635]
transform = Transform3D(0.92821336, 0, -0.37204838, 0, 1, 0, 0.37204838, 0, 0.92821336, 1.0268096, 0.8, 1.0505843)

[node name="Player4" type="Marker3D" parent="SpawnPoint" unique_id=1076175584]
transform = Transform3D(0.5085155, 0, 0.8610528, 0, 1, 0, -0.8610528, 0, 0.5085155, 0.36381245, 0.8, -1.7462993)

[node name="Player5" type="Marker3D" parent="SpawnPoint" unique_id=1282564919]
transform = Transform3D(0.41273877, 0, -0.91084945, 0, 1, 0, 0.91084945, 0, 0.41273877, 0.32223415, 0.8, 1.8190619)

[node name="CardContainer" type="Node3D" parent="." unique_id=1925936243]

[node name="MultiplayerSpawner" type="MultiplayerSpawner" parent="." unique_id=852467706]
_spawnable_scenes = PackedStringArray("uid://bxs7aak1prc1q")
spawn_path = NodePath("../PlayerContainer")

[node name="CanvasLayer" type="CanvasLayer" parent="." unique_id=868651673]

[node name="Control" type="Control" parent="CanvasLayer" unique_id=1805318125]
layout_mode = 3
anchors_preset = 0
offset_right = 40.0
offset_bottom = 40.0

[node name="SpinBox" type="SpinBox" parent="CanvasLayer/Control" unique_id=120483987]
layout_mode = 1
anchors_preset = -1
anchor_left = 5.6250005
anchor_top = 2.9750001
anchor_right = 5.6250005
anchor_bottom = 2.9750001
offset_left = -140.00002
offset_right = -53.500015
offset_bottom = 30.999992

[node name="Button" type="Button" parent="CanvasLayer/Control" unique_id=2064428252]
layout_mode = 0
offset_right = 8.0
offset_bottom = 8.0

[node name="Button2" type="Button" parent="CanvasLayer/Control" unique_id=1237672042]
layout_mode = 1
anchors_preset = -1
anchor_right = 4.7250004
offset_left = 34.0
offset_top = 128.0
offset_right = -147.00002
offset_bottom = 136.0

[node name="PlayerContainer" type="Node3D" parent="." unique_id=172900509]

[node name="DirectionalLight3D" type="DirectionalLight3D" parent="." unique_id=2128364230]
transform = Transform3D(0.99919933, 0.036071002, -0.017309569, -0.018328482, 0.797255, 0.60336435, 0.0355641, -0.60256404, 0.79727775, -0.96711016, 10.976715, 14.712596)
